0	13501
3	17
6	226
9	203
12	196
15	203
18	217
21	228
24	228
27	248
30	223
33	220
36	185
39	179
42	185
45	170
48	179
51	154
54	172
57	349
60	761
63	1865
66	1941
69	4588
72	3884
75	4
78	2
87	1
90	1
93	4
96	4
99	4
105	1
108	2
111	1
114	1
120	1
123	1
126	9
129	4
132	8
135	1
138	5
141	7
144	11
147	9
150	20
153	8
156	23
159	24
162	28
165	19
168	30
171	45
174	27
177	55
180	31
183	55
186	44
189	75
192	46
195	139
198	73
201	93
204	82
207	126
210	157
213	134
216	129
219	190
222	120
225	144
228	130
231	218
234	182
237	268
240	1601
243	205
246	122
249	144
252	137
255	422
258	2159
261	48
264	6
267	7
270	6
279	1
291	1
