4	73
7	238
10	286
13	208
16	219
19	237
22	245
25	239
28	228
31	242
34	236
37	218
40	198
43	174
46	178
49	155
52	159
55	238
58	383
61	1029
64	2202
67	2557
70	5141
73	51
76	3
79	3
91	2
94	4
97	6
100	2
103	1
106	3
109	12
115	2
118	2
121	4
124	5
127	2
130	4
136	4
139	16
142	7
145	18
148	11
151	15
154	11
157	40
160	21
163	17
166	29
169	23
172	46
175	35
178	35
181	42
184	47
187	62
190	94
193	139
196	87
199	90
202	82
205	113
208	1066
211	154
214	198
217	125
220	220
223	132
226	166
229	323
232	228
235	219
238	185
241	150
244	271
247	153
250	115
253	162
256	1709
259	125
262	38
265	18
271	1
274	1
