2	8
5	157
8	196
11	228
14	188
17	186
20	198
23	219
26	249
29	233
32	236
35	214
38	156
41	226
44	194
47	177
50	163
53	180
56	333
59	533
62	1482
65	2692
68	3635
71	5045
74	3
77	5
80	2
86	1
92	5
95	4
98	4
101	2
104	4
110	2
113	1
119	1
125	9
128	2
131	2
134	7
137	4
140	6
143	8
146	7
149	16
152	18
155	25
158	23
161	24
164	35
167	24
170	19
173	41
176	34
179	45
182	34
185	43
188	105
191	82
194	85
197	90
200	57
203	154
206	100
209	90
212	190
215	81
218	139
221	163
224	233
227	228
230	292
233	326
236	192
239	335
242	454
245	351
248	144
251	237
254	168
257	451
260	250
263	27
266	3
269	1
272	2
275	5
278	1
284	1
293	1
